O 489 959 759 964
N 820 516 871 914
N 427 423 929 502
O 774 14 977 877
O 410 146 864 337
O 931 331 939 812
N 756 53 923 339
N 313 787 545 979
N 12 823 102 934
T 756 965 812 992
N 743 684 789 958
T 120 314 745 489
T 692 845 866 994
N 587 176 850 273
N 674 321 793 388
T 749 672 973 965
O 943 30 990 907
O 296 50 729 664
O 212 957 490 987
T 171 31 688 88
N 991 989 994 998
N 913 943 958 953
N 278 258 367 386
T 275 796 493 971
N 70 873 798 923
T 258 985 663 998
O 601 259 831 486
N 914 94 941 102
N 558 161 994 647
O 119 662 760 838
T 378 775 526 852
N 384 670 674 972
N 249 41 270 936
O 614 742 769 780
O 427 70 575 441
O 410 478 985 753
N 619 46 931 342
O 284 55 768 922
N 40 592 728 685
O 825 291 956 950
O 147 843 592 909
N 218 675 972 911
T 249 291 350 960
N 556 80 967 675
T 609 148 968 279
T 217 605 961 862
T 407 177 548 910
T 400 936 599 938
N 721 101 925 455
O 268 631 735 814
T 549 969 612 991
T 553 268 689 432
N 817 668 889 897
T 801 544 858 556
T 615 729 832 951
N 427 477 958 948
O 164 49 852 946
O 542 449 774 776
N 923 196 980 446
T 90 310 718 846
N 657 215 744 252
N 800 239 811 712
O 502 90 619 760
T 649 512 862 844
N 334 903 823 935
N 630 233 839 445
O 713 67 839 865
O 932 50 982 411
N 480 729 984 910
O 100 219 796 395
O 758 108 850 950
N 427 276 439 938
O 178 284 670 536
T 540 27 625 102
N 906 722 936 948
T 345 418 859 627
T 175 775 580 781
T 863 28 929 735
N 824 858 905 973
T 752 312 863 425
O 985 716 988 852
N 68 504 763 745
T 76 209 810 720
N 657 607 676 664
T 596 869 896 921
N 915 411 968 945
N 368 39 902 986
O 11 549 393 597
N 842 893 976 911
T 274 106 581 329
T 406 403 780 950
T 408 988 500 994
T 217 73 826 951
O 917 872 961 911
T 394 34 510 572
T 424 603 583 626
T 106 159 755 738
N 244 610 472 709
O 350 265 884 690
O 688 184 928 280
T 279 443 720 797
N 615 493 888 610
T 118 413 736 632
O 798 782 829 813
N 250 934 442 972
O 68 503 400 949
T 297 482 313 871
T 710 3 839 859
O 125 300 546 888
T 482 39 584 159
N 536 89 765 962
O 530 518 843 676
O 994 467 994 676
O 623 628 744 927
T 704 912 837 983
O 154 364 517 412
T 344 409 780 524
N 578 740 725 879
O 251 933 632 957
O 827 705 971 789
T 191 282 470 929
T 324 525 446 867
T 534 343 874 971
T 550 650 633 980
T 837 404 881 915
T 338 881 845 905
O 469 462 750 696
O 741 703 892 870
N 570 215 733 562
O 445 576 870 775
O 466 747 554 878
N 820 453 868 712
N 892 706 938 792
N 300 238 894 746
N 306 44 457 444
N 912 569 967 963
T 109 756 297 867
O 37 546 41 951
O 321 637 790 910
T 66 50 579 301
T 933 221 933 791
O 486 676 878 797
O 417 231 556 317
T 904 468 981 873
O 417 675 749 712
O 692 371 821 842
T 324 73 830 543
O 912 490 977 757
N 634 872 902 949
T 266 779 870 798
O 772 982 990 996
N 607 46 798 559
O 295 602 963 987
O 657 86 944 742
N 334 639 456 821
N 997 667 997 670
N 725 832 951 945
N 30 120 952 984
O 860 965 917 976
T 471 997 840 998
N 319 307 928 504
T 823 631 940 908
T 969 984 981 993
N 691 319 865 954
T 911 926 938 929
O 953 937 968 991
T 914 643 975 840
O 266 982 436 996
N 101 896 321 932
N 193 852 751 885
N 576 532 863 684
O 761 456 940 783
O 20 290 398 933
N 435 335 644 652
O 830 569 905 770
N 630 517 905 654
O 664 53 886 976
T 275 416 408 719
O 370 621 515 793
O 483 373 654 749
O 656 786 847 928
N 532 752 945 974
T 301 150 880 792
N 951 488 958 952
O 207 729 882 828
T 694 532 973 961
T 676 639 891 802
N 653 6 905 519
T 391 109 418 312
O 877 423 957 932
O 340 145 563 522
N 978 467 988 895
N 396 418 420 885
N 31 308 816 316
O 107 675 758 824
O 61 82 789 876
O 750 743 754 760
T 88 733 736 968
N 754 349 849 897
T 157 50 975 781
N 230 231 865 842
N 516 317 630 329
N 697 820 829 903
O 218 250 271 732
T 56 167 404 431
T 626 891 680 927
T 370 207 791 514
T 860 74 949 888
O 416 527 616 541
N 745 449 786 908
O 485 554 689 689
O 586 62 693 141
T 506 759 768 829
O 473 109 929 166
O 760 617 773 789
T 595 683 618 789
N 210 775 825 972
T 12 426 179 982
O 774 539 778 786
O 102 498 121 807
N 706 897 834 965
N 678 529 824 627
O 7 765 615 870
N 730 872 974 943
N 595 626 836 711
N 215 424 841 959
T 341 780 861 813
T 507 503 568 822
O 252 603 349 655
T 93 521 154 834
O 565 682 951 954
O 544 318 703 418
T 756 953 891 964
O 531 123 856 991
O 148 315 776 559
N 925 835 963 971
O 895 944 967 964
N 102 527 650 747
T 626 105 738 720
N 160 75 384 922
T 813 724 903 941
O 207 107 982 849
T 750 505 961 697
T 105 410 885 819
O 226 104 298 283
N 224 604 508 762
O 477 368 523 506
N 477 901 627 936
N 887 131 889 670
O 896 994 938 999
T 401 580 493 728
T 987 184 991 205
O 821 643 882 674
T 784 940 968 959
N 251 293 274 632
N 339 840 341 844
N 675 351 675 836
T 918 857 944 886
T 70 253 918 736
N 612 604 772 680
N 277 40 828 348
T 692 139 698 880
T 124 446 883 453
T 969 932 990 945
T 855 692 993 693
T 722 472 887 899
T 978 149 985 442
T 837 540 916 889
N 612 2 835 82
T 560 767 878 856
O 461 734 524 991
T 206 824 976 912
O 826 610 879 892
O 577 699 956 933
N 9 250 50 529
N 77 657 817 677
O 68 419 86 426
O 991 720 992 784
O 668 20 935 470
N 133 418 613 458
N 487 286 540 328
T 247 874 840 955
T 301 808 754 970
N 34 194 578 203
N 451 49 492 921
O 907 256 912 737
N 479 305 702 587
O 545 583 732 749
T 11 16 725 868
O 965 343 986 908
O 674 953 820 965
T 398 147 504 583
N 778 194 898 298
O 179 140 350 852
N 241 118 530 832
N 41 447 932 737
N 820 663 832 982
O 550 460 964 782
O 31 760 655 892
T 628 958 811 992